20
0.000000 0.525731 0.850651
0.356822 0.000000 0.934172
0.000000 -0.525731 0.850651
0.356822 0.000000 0.934172
0.850651 0.000000 0.525731
0.356822 0.000000 0.934172

0.000000 0.525731 0.850651
0.356822 0.000000 -0.934172
0.000000 -0.525731 0.850651
0.356822 0.000000 -0.934172
-0.850651 0.000000 0.525731
0.356822 0.000000 -0.934172

0.000000 0.525731 0.850651
0.000000 0.934172 0.356822
0.525731 0.850651 0.000000
0.000000 0.934172 0.356822
-0.525731 0.850651 0.000000
0.000000 0.934172 0.356822

0.000000 0.525731 0.850651
-0.577350 -0.577350 -0.577350
0.525731 0.850651 0.000000
-0.577350 -0.577350 -0.577350
0.850651 0.000000 0.525731
-0.577350 -0.577350 -0.577350

0.000000 0.525731 0.850651
-0.577350 0.577350 0.577350
-0.525731 0.850651 0.000000
-0.577350 0.577350 0.577350
-0.850651 0.000000 0.525731
-0.577350 0.577350 0.577350

0.000000 -0.525731 0.850651
0.000000 0.934172 -0.356822
0.525731 -0.850651 0.000000
0.000000 0.934172 -0.356822
-0.525731 -0.850651 0.000000
0.000000 0.934172 -0.356822

0.000000 -0.525731 0.850651
0.577350 -0.577350 0.577350
0.525731 -0.850651 0.000000
0.577350 -0.577350 0.577350
0.850651 0.000000 0.525731
0.577350 -0.577350 0.577350

0.000000 -0.525731 0.850651
0.577350 0.577350 -0.577350
-0.525731 -0.850651 0.000000
0.577350 0.577350 -0.577350
-0.850651 0.000000 0.525731
0.577350 0.577350 -0.577350

0.000000 0.525731 -0.850651
-0.356822 0.000000 0.934172
0.000000 -0.525731 -0.850651
-0.356822 0.000000 0.934172
0.850651 0.000000 -0.525731
-0.356822 0.000000 0.934172

0.000000 0.525731 -0.850651
-0.356822 -0.000000 -0.934172
0.000000 -0.525731 -0.850651
-0.356822 -0.000000 -0.934172
-0.850651 0.000000 -0.525731
-0.356822 -0.000000 -0.934172

0.000000 0.525731 -0.850651
0.000000 -0.934172 0.356822
0.525731 0.850651 0.000000
0.000000 -0.934172 0.356822
-0.525731 0.850651 0.000000
0.000000 -0.934172 0.356822

0.000000 0.525731 -0.850651
0.577350 0.577350 -0.577350
0.525731 0.850651 0.000000
0.577350 0.577350 -0.577350
0.850651 0.000000 -0.525731
0.577350 0.577350 -0.577350

0.000000 0.525731 -0.850651
0.577350 -0.577350 0.577350
-0.525731 0.850651 0.000000
0.577350 -0.577350 0.577350
-0.850651 0.000000 -0.525731
0.577350 -0.577350 0.577350

0.000000 -0.525731 -0.850651
0.000000 -0.934172 -0.356822
0.525731 -0.850651 0.000000
0.000000 -0.934172 -0.356822
-0.525731 -0.850651 0.000000
0.000000 -0.934172 -0.356822

0.000000 -0.525731 -0.850651
-0.577350 0.577350 0.577350
0.525731 -0.850651 0.000000
-0.577350 0.577350 0.577350
0.850651 0.000000 -0.525731
-0.577350 0.577350 0.577350

0.000000 -0.525731 -0.850651
-0.577350 -0.577350 -0.577350
-0.525731 -0.850651 0.000000
-0.577350 -0.577350 -0.577350
-0.850651 0.000000 -0.525731
-0.577350 -0.577350 -0.577350

0.525731 0.850651 0.000000
0.934172 0.356822 0.000000
0.850651 0.000000 0.525731
0.934172 0.356822 0.000000
0.850651 0.000000 -0.525731
0.934172 0.356822 0.000000

-0.525731 0.850651 0.000000
0.934172 -0.356822 0.000000
-0.850651 0.000000 0.525731
0.934172 -0.356822 0.000000
-0.850651 0.000000 -0.525731
0.934172 -0.356822 0.000000

0.525731 -0.850651 0.000000
-0.934172 0.356822 0.000000
0.850651 0.000000 0.525731
-0.934172 0.356822 0.000000
0.850651 0.000000 -0.525731
-0.934172 0.356822 0.000000

-0.525731 -0.850651 0.000000
-0.934172 -0.356822 0.000000
-0.850651 0.000000 0.525731
-0.934172 -0.356822 0.000000
-0.850651 0.000000 -0.525731
-0.934172 -0.356822 0.000000

